2024 01 07 10 42 200
2024 01 07 14 03 403
2024 01 08 21 07 200
2024 01 09 05 02 404
2024 01 11 22 21 200
2024 01 12 03 45 404
2024 01 14 21 11 403
2024 01 15 09 36 403
2024 01 16 01 52 200
2024 01 16 17 34 200
2024 01 19 02 49 403
2024 01 20 17 37 200
2024 01 21 13 19 403
2024 01 22 16 42 200
2024 01 28 12 12 200
2024 02 03 14 46 200
2024 02 03 16 31 200
2024 02 07 14 24 404
2024 02 07 16 21 200
2024 02 12 15 54 403
2024 02 13 00 21 200
2024 02 20 15 21 200
2024 02 22 09 38 403
2024 02 25 02 11 403
2024 02 25 17 36 200
2024 02 26 12 45 404
2024 03 01 20 38 200
2024 03 03 19 34 200
2024 03 05 23 35 200
2024 03 08 10 59 200
2024 03 09 08 13 404
2024 03 10 12 58 403
2024 03 11 11 14 403
2024 03 12 09 55 200
2024 03 13 03 51 403
2024 03 15 20 40 200
2024 03 17 17 47 200
2024 03 19 15 58 200
2024 03 20 11 04 403
2024 03 21 08 43 200
2024 03 26 03 40 200
2024 03 26 12 54 200
2024 03 26 20 43 200
2024 03 28 04 09 200
2024 04 03 21 48 200
2024 04 04 19 28 200
2024 04 06 12 21 404
2024 04 09 14 47 200
2024 04 10 15 21 403
2024 04 12 15 48 403
2024 04 13 05 24 404
2024 04 14 18 45 200
2024 04 16 10 28 200
2024 04 18 01 16 200
2024 04 20 16 04 200
2024 04 22 15 16 403
2024 04 23 08 40 200
2024 05 01 10 41 200
2024 05 02 11 54 200
2024 05 03 15 58 403
2024 05 04 10 40 403
2024 05 05 22 23 200
2024 05 07 13 01 200
2024 05 08 14 38 403
2024 05 09 06 34 200
2024 05 10 17 39 200
2024 05 11 10 55 403
2024 05 12 14 26 403
2024 05 12 15 34 200
2024 05 15 03 05 200
2024 05 16 00 05 200
2024 05 16 03 49 404
2024 05 18 20 42 403
2024 05 23 09 10 200
2024 05 25 00 10 200
2024 05 26 08 39 200
2024 06 01 10 34 403
2024 06 07 00 07 403
2024 06 12 23 51 200
2024 06 13 19 48 404
2024 06 14 12 18 200
2024 06 16 13 19 404
2024 06 17 00 13 200
2024 06 18 03 10 200
2024 06 18 07 56 403
2024 06 19 19 43 200
2024 06 22 23 39 200
2024 06 23 06 19 403
2024 06 26 12 04 404
2024 06 28 22 42 200
2024 07 04 10 12 200
2024 07 04 23 05 404
2024 07 06 04 33 403
2024 07 08 02 17 404
2024 07 08 19 07 200
2024 07 11 21 39 200
2024 07 13 16 08 200
2024 07 15 13 16 403
2024 07 15 17 32 200
2024 07 16 12 24 200
2024 07 18 05 44 404
2024 07 18 20 04 404
2024 07 21 11 04 200
2024 07 21 21 12 200
2024 07 22 18 27 200
2024 07 23 06 03 403
2024 07 24 15 23 403
2024 07 26 11 47 200
2024 08 01 17 37 200
2024 08 01 19 19 200
2024 08 01 19 52 404
2024 08 06 02 57 403
2024 08 07 09 33 200
2024 08 07 18 31 200
2024 08 08 17 46 200
2024 08 10 00 35 200
2024 08 11 21 48 200
2024 08 12 17 58 200
2024 08 15 13 26 404
2024 08 16 05 13 200
2024 08 17 02 13 200
2024 08 21 22 20 200
2024 08 22 22 28 200
2024 08 27 15 17 200
2024 08 27 16 45 200
2024 09 02 04 10 200
2024 09 03 21 36 403
2024 09 07 06 20 200
2024 09 12 02 20 404
2024 09 13 04 31 403
2024 09 14 12 58 200
2024 09 18 19 53 200
2024 09 20 18 08 200
2024 09 21 18 43 200
2024 09 21 23 12 403
2024 09 22 08 14 403
2024 09 25 16 16 200
2024 10 03 17 52 200
2024 10 04 08 53 200
2024 10 04 21 13 200
2024 10 06 11 01 403
2024 10 06 11 46 200
2024 10 06 22 50 200
2024 10 06 23 53 200
2024 10 10 05 10 200
2024 10 12 14 59 200
2024 10 14 03 57 200
2024 10 14 07 17 200
2024 10 16 02 25 404
2024 10 16 14 04 403
2024 10 17 18 16 403
2024 10 20 17 27 200
2024 10 21 20 22 200
2024 10 22 00 27 200
2024 10 22 11 47 200
2024 10 23 14 15 200
2024 10 26 03 23 403
2024 10 26 12 26 200
2024 10 26 14 55 404
2024 10 27 10 39 200
2024 10 28 00 55 200
2024 10 28 10 07 200
2024 11 01 08 32 200
2024 11 01 12 43 200
2024 11 02 03 28 200
2024 11 05 07 08 404
2024 11 08 07 11 200
2024 11 11 09 49 200
2024 11 13 10 22 200
2024 11 13 16 12 200
2024 11 14 09 57 403
2024 11 14 16 26 200
2024 11 16 09 45 200
2024 11 18 03 11 404
2024 11 22 13 20 200
2024 11 26 16 13 200
2024 12 03 01 45 200
2024 12 03 10 50 404
2024 12 03 23 43 200
2024 12 06 22 19 200
2024 12 08 21 19 200
2024 12 09 11 50 403
2024 12 10 16 27 200
2024 12 11 01 01 200
2024 12 11 16 29 200
2024 12 12 01 43 200
2024 12 12 05 51 200
2024 12 13 20 36 200
2024 12 14 08 08 200
2024 12 14 09 28 200
2024 12 14 15 14 200
2024 12 15 12 10 200
2024 12 18 04 58 200
2024 12 19 12 12 403
2024 12 21 07 42 404
2024 12 23 00 08 200
2024 12 23 21 16 200
2024 12 24 11 23 200
2024 12 25 17 52 200
2024 12 28 13 38 200
