2024 01 01 08 21 200
2024 01 05 14 52 403
2024 01 07 11 35 200
2024 01 08 18 36 200
2024 01 12 13 23 200
2024 01 12 22 40 403
2024 01 13 01 38 200
2024 01 14 12 41 403
2024 01 16 07 54 200
2024 01 20 05 44 200
2024 01 23 01 23 200
2024 02 04 21 50 200
2024 02 05 06 24 200
2024 02 08 09 37 200
2024 02 09 02 58 403
2024 02 13 03 47 403
2024 02 15 06 23 200
2024 02 16 05 48 403
2024 02 21 05 06 200
2024 02 25 23 33 403
2024 03 01 17 23 200
2024 03 03 11 30 404
2024 03 09 02 25 200
2024 03 11 01 20 200
2024 03 12 02 32 403
2024 03 13 08 58 404
2024 03 20 19 06 200
2024 03 23 04 39 200
2024 03 23 11 51 403
2024 03 24 03 50 200
2024 03 28 14 01 200
2024 04 04 01 13 200
2024 04 06 16 57 200
2024 04 09 07 01 200
2024 04 11 22 06 404
2024 04 20 08 12 404
2024 04 24 10 26 200
2024 04 27 01 50 200
2024 04 27 17 37 200
2024 05 04 18 05 200
2024 05 06 07 31 404
2024 05 10 15 21 404
2024 05 16 15 16 200
2024 05 26 20 36 200
2024 05 28 20 53 200
2024 06 02 14 08 200
2024 06 04 19 52 200
2024 06 05 11 52 200
2024 06 10 03 09 403
2024 06 11 22 36 200
2024 06 17 03 28 200
2024 06 27 21 08 200
2024 07 03 17 57 200
2024 07 07 14 30 404
2024 07 15 21 59 200
2024 07 18 15 44 200
2024 07 23 10 41 404
2024 07 27 11 21 200
2024 07 28 09 37 404
2024 07 28 23 37 200
2024 08 03 09 44 200
2024 08 03 14 25 404
2024 08 07 17 40 200
2024 08 07 21 51 200
2024 08 09 16 14 200
2024 08 10 14 43 403
2024 08 16 00 07 403
2024 08 19 20 19 200
2024 08 26 18 06 200
2024 08 28 12 22 200
2024 09 09 11 23 404
2024 09 10 01 30 404
2024 09 10 14 51 200
2024 09 15 05 40 200
2024 09 21 12 31 404
2024 10 01 11 35 404
2024 10 06 01 13 403
2024 10 11 13 29 200
2024 10 18 04 48 200
2024 10 20 15 26 200
2024 10 26 04 39 403
2024 11 02 18 59 404
2024 11 05 15 46 200
2024 11 08 16 00 403
2024 11 08 18 54 200
2024 11 10 16 01 403
2024 11 12 05 53 404
2024 11 12 08 01 200
2024 11 16 21 18 200
2024 11 23 13 18 200
2024 11 24 03 38 403
2024 11 26 09 52 200
2024 12 02 06 27 200
2024 12 02 21 35 200
2024 12 04 08 47 403
2024 12 05 04 59 200
2024 12 07 05 02 200
2024 12 09 06 11 200
2024 12 16 07 45 200
2024 12 17 02 20 200
